0.409,0.534,0.565,0.16,0.232,0.261,1
0.159,0.152,0.16,0.142,0.127,0.119,1
0.342,0.352,0.403,0.143,0.122,0.131,1
0.438,0.406,0.383,0.272,0.264,0.262,1
0.708,0.665,0.641,0.133,0.184,0.228,1
0.645,0.654,0.651,0.131,0.184,0.243,1
0.362,0.246,0.184,0.206,0.139,0.114,1
0.793,0.541,0.651,0.193,0.165,0.236,1
0.73,0.708,0.693,0.091,0.108,0.108,1
0.663,0.573,0.491,0.165,0.191,0.193,1
0.65,0.651,0.674,0.099,0.105,0.115,1
0.269,0.237,0.217,0.218,0.174,0.153,1
0.222,0.186,0.175,0.196,0.166,0.153,1
0.748,0.71,0.687,0.076,0.128,0.172,1
0.199,0.161,0.147,0.186,0.17,0.167,1
0.391,0.283,0.242,0.27,0.194,0.145,1
0.736,0.751,0.764,0.098,0.127,0.147,1
0.312,0.278,0.251,0.155,0.145,0.134,1
0.136,0.175,0.21,0.164,0.152,0.156,1
0.463,0.576,0.626,0.189,0.276,0.336,1
0.594,0.601,0.617,0.077,0.112,0.134,1
0.792,0.726,0.65,0.214,0.225,0.227,1
0.342,0.466,0.413,0.178,0.236,0.214,1
0.509,0.441,0.373,0.181,0.199,0.198,1
0.244,0.159,0.163,0.205,0.135,0.134,1
0.197,0.304,0.42,0.204,0.169,0.141,1
0.449,0.507,0.534,0.18,0.192,0.222,1
0.641,0.673,0.702,0.2,0.242,0.254,1
0.608,0.542,0.53,0.281,0.293,0.301,1
0.494,0.437,0.39,0.118,0.145,0.149,1
0.584,0.551,0.506,0.096,0.103,0.103,1
0.56,0.525,0.489,0.221,0.234,0.229,1
0.356,0.291,0.225,0.301,0.274,0.225,1
0.589,0.676,0.733,0.139,0.173,0.208,1
0.444,0.378,0.316,0.204,0.156,0.131,1
0.708,0.679,0.662,0.206,0.245,0.274,1
0.535,0.38,0.323,0.18,0.152,0.16,1
0.272,0.254,0.261,0.269,0.225,0.191,1
0.422,0.391,0.424,0.251,0.233,0.256,1
0.166,0.182,0.401,0.257,0.178,0.145,1
0.709,0.667,0.663,0.245,0.261,0.269,1
0.692,0.809,0.848,0.142,0.148,0.144,1
0.548,0.569,0.593,0.151,0.129,0.116,1
0.587,0.473,0.465,0.297,0.309,0.298,1
0.492,0.248,0.102,0.242,0.143,0.069,1
0.646,0.723,0.733,0.169,0.221,0.255,1
0.677,0.585,0.523,0.24,0.239,0.235,1
0.314,0.222,0.112,0.236,0.175,0.142,1
0.515,0.609,0.663,0.169,0.211,0.258,1
0.625,0.57,0.555,0.215,0.222,0.221,1
0.759,0.729,0.66,0.103,0.178,0.223,1
0.593,0.547,0.508,0.228,0.264,0.27,1
0.2,0.17,0.189,0.178,0.145,0.121,1
0.612,0.585,0.582,0.289,0.304,0.31,1
0.564,0.535,0.544,0.184,0.224,0.256,1
0.58,0.587,0.595,0.273,0.274,0.294,1
0.818,0.748,0.726,0.208,0.265,0.278,1
0.924,0.885,0.866,0.134,0.179,0.19,1
0.433,0.441,0.401,0.206,0.253,0.287,1
0.52,0.454,0.401,0.161,0.177,0.197,1
0.265,0.214,0.191,0.26,0.213,0.184,1
0.618,0.588,0.565,0.143,0.212,0.246,1
0.36,0.305,0.257,0.254,0.219,0.214,1
0.524,0.482,0.488,0.282,0.312,0.319,1
0.662,0.765,0.833,0.313,0.249,0.213,1
0.485,0.6,0.709,0.21,0.225,0.259,1
0.227,0.191,0.161,0.128,0.105,0.096,1
0.575,0.507,0.484,0.263,0.277,0.289,1
0.722,0.673,0.626,0.16,0.21,0.227,1
0.586,0.643,0.684,0.127,0.201,0.246,1
0.342,0.349,0.344,0.21,0.176,0.159,1
0.391,0.387,0.428,0.259,0.237,0.222,1
0.537,0.612,0.61,0.269,0.331,0.346,1
0.315,0.458,0.585,0.125,0.124,0.156,1
0.278,0.224,0.206,0.236,0.206,0.187,1
0.671,0.646,0.644,0.334,0.342,0.342,1
0.361,0.404,0.413,0.221,0.235,0.255,1
0.366,0.26,0.237,0.27,0.211,0.197,1
0.533,0.523,0.518,0.274,0.296,0.298,1
0.671,0.547,0.481,0.171,0.173,0.161,1
0.267,0.24,0.407,0.335,0.215,0.141,1
0.144,0.128,0.117,0.162,0.116,0.106,1
0.458,0.434,0.446,0.241,0.209,0.202,1
0.818,0.793,0.733,0.093,0.098,0.099,1
0.568,0.345,0.248,0.243,0.192,0.171,1
0.512,0.443,0.373,0.281,0.281,0.269,1
0.07,0.078,0.06,0.046,0.047,0.041,1
0.313,0.23,0.204,0.216,0.149,0.22,1
0.7,0.675,0.667,0.134,0.186,0.206,1
0.586,0.479,0.414,0.144,0.176,0.159,1
0.415,0.664,0.755,0.077,0.066,0.068,1
0.566,0.452,0.395,0.196,0.187,0.183,0
0.495,0.382,0.357,0.167,0.134,0.129,0
0.671,0.445,0.396,0.214,0.17,0.164,0
0.657,0.536,0.507,0.172,0.168,0.169,0
0.799,0.559,0.489,0.127,0.117,0.12,0
0.607,0.414,0.346,0.144,0.111,0.108,0
0.389,0.253,0.206,0.17,0.108,0.083,0
0.606,0.403,0.312,0.272,0.193,0.161,0
0.796,0.689,0.682,0.142,0.161,0.156,0
0.568,0.369,0.296,0.146,0.128,0.123,0
0.693,0.531,0.472,0.091,0.092,0.083,0
0.687,0.538,0.462,0.198,0.158,0.144,0
0.647,0.476,0.416,0.129,0.152,0.152,0
0.756,0.606,0.576,0.124,0.148,0.172,0
0.479,0.359,0.33,0.307,0.27,0.266,0
0.62,0.474,0.431,0.184,0.217,0.221,0
0.682,0.516,0.454,0.148,0.141,0.135,0
0.668,0.525,0.465,0.156,0.13,0.118,0
0.525,0.492,0.513,0.189,0.188,0.185,0
0.502,0.356,0.282,0.24,0.186,0.163,0
0.607,0.393,0.333,0.104,0.168,0.166,0
0.72,0.542,0.47,0.204,0.214,0.226,0
0.614,0.415,0.284,0.221,0.18,0.133,0
0.5,0.346,0.303,0.259,0.192,0.181,0
0.556,0.354,0.346,0.132,0.14,0.134,0
0.674,0.507,0.466,0.148,0.173,0.173,0
0.727,0.555,0.476,0.222,0.218,0.227,0
0.719,0.544,0.532,0.201,0.196,0.193,0
0.674,0.475,0.417,0.286,0.222,0.205,0
0.348,0.268,0.241,0.182,0.151,0.137,0
0.517,0.352,0.292,0.084,0.074,0.065,0
0.763,0.559,0.43,0.25,0.271,0.248,0
0.557,0.418,0.37,0.182,0.167,0.178,0
0.596,0.422,0.363,0.169,0.164,0.16,0
0.323,0.252,0.297,0.189,0.161,0.163,0
0.624,0.439,0.356,0.219,0.172,0.147,0
0.369,0.264,0.263,0.119,0.168,0.204,0
0.854,0.632,0.604,0.095,0.152,0.208,0
0.704,0.547,0.484,0.186,0.156,0.156,0
0.686,0.494,0.48,0.238,0.184,0.179,0
0.674,0.544,0.536,0.143,0.157,0.158,0
0.664,0.582,0.551,0.271,0.307,0.325,0
0.538,0.408,0.433,0.161,0.153,0.13,0
0.82,0.569,0.493,0.204,0.136,0.124,0
0.744,0.368,0.119,0.182,0.135,0.076,0
0.637,0.512,0.488,0.212,0.183,0.187,0
0.408,0.234,0.166,0.281,0.17,0.124,0
0.722,0.539,0.487,0.146,0.173,0.176,0
0.701,0.512,0.47,0.235,0.207,0.183,0
0.606,0.449,0.38,0.123,0.148,0.132,0
0.251,0.2,0.193,0.139,0.1,0.082,0
0.707,0.567,0.521,0.161,0.189,0.194,0
0.39,0.235,0.167,0.255,0.172,0.132,0
0.723,0.539,0.447,0.08,0.081,0.081,0
0.712,0.54,0.478,0.148,0.164,0.155,0
0.497,0.353,0.31,0.256,0.182,0.169,0
0.527,0.387,0.294,0.37,0.248,0.191,0
0.51,0.364,0.261,0.235,0.177,0.157,0
0.567,0.393,0.301,0.15,0.158,0.153,0
0.58,0.397,0.301,0.23,0.172,0.141,0
0.559,0.426,0.373,0.136,0.11,0.103,0
0.703,0.597,0.54,0.207,0.268,0.282,0
0.569,0.42,0.404,0.208,0.217,0.217,0
0.674,0.513,0.512,0.187,0.163,0.158,0
0.645,0.484,0.461,0.168,0.154,0.156,0
0.639,0.446,0.421,0.241,0.236,0.233,0
0.865,0.655,0.556,0.147,0.138,0.124,0
0.589,0.463,0.398,0.179,0.167,0.164,0
0.618,0.478,0.416,0.15,0.12,0.12,0
0.688,0.604,0.558,0.207,0.173,0.164,0
0.511,0.424,0.441,0.16,0.182,0.189,0
0.581,0.406,0.348,0.33,0.246,0.223,0
0.563,0.401,0.331,0.197,0.186,0.172,0
0.483,0.343,0.302,0.3,0.268,0.252,0
0.647,0.475,0.415,0.217,0.181,0.148,0
0.54,0.493,0.45,0.261,0.153,0.176,0
0.435,0.3,0.28,0.158,0.172,0.165,0
0.67,0.576,0.583,0.127,0.153,0.155,0
0.65,0.526,0.511,0.161,0.195,0.196,0
0.728,0.557,0.489,0.179,0.151,0.153,0
0.711,0.576,0.57,0.142,0.129,0.1,0
0.748,0.543,0.458,0.24,0.239,0.216,0
0.661,0.499,0.409,0.158,0.147,0.138,0
0.549,0.346,0.244,0.316,0.22,0.174,0
0.401,0.278,0.229,0.124,0.117,0.1,0
0.699,0.468,0.423,0.133,0.105,0.177,0
0.387,0.28,0.208,0.125,0.098,0.075,0
0.754,0.542,0.482,0.105,0.128,0.106,0
0.719,0.555,0.511,0.13,0.171,0.191,0
